3 3 10 10
0.109129798871 0.7133854084 0.48688804862
0.736025567715 0.812282704143 0.43324402349
0.212977097193 0.171006783424 0.0717560658598

0.457458609305 0.230164949088 0.68070778067
0.665957596248 0.814490173877 0.196463198615
0.467532959806 0.94772727119 0.543730449481

0.934941346552 0.610654205586 0.0426547018761
0.863975242465 0.657712698278 0.441156464871
0.707622142783 0.832202387153 0.38140724354



0.0982040930704 0.513438067397 0.164321544774
0.96507021873 0.688955984109 0.424442671512
0.667739894528 0.117123127743 0.540843521025

0.463565137613 0.684954701293 0.818655143162
0.633138561955 0.185315553962 0.952716634672
0.683182721276 0.790960442416 0.117440862904

0.319278413931 0.871438517664 0.407151035922
0.112365266298 0.582104421665 0.541583098399
0.184643748921 0.570698975834 0.961405593052



0.550368091729 0.4026495666 0.845770845731
0.213615037064 0.448282800654 0.594659871348
0.425465249557 0.295035407129 0.866035986355

0.56821305782 0.177610103364 0.476066735809
0.669874240805 0.195633801094 0.48183602943
0.792243247126 0.168725321992 0.542258999934

0.32889526077 0.177128530789 0.198030349337
0.885992841686 0.125969724909 0.191572295424
0.561313866646 0.174110264275 0.430210634259


0.245519099381 0.27809064005 0.899527567918 0.0819965629164 0.919194889606 0.621644016013 0.495765146082 0.655361631848 0.281661199256 0.265216552881
0.248156962662 0.338270454236 0.688251527521 0.111100910294 0.526145963325 0.239936298088 0.891585980635 0.895333675871 0.33911479796 0.695455199723
0.855899548101 0.695064929003 0.811780950731 0.39018364401 0.620407844756 0.450342475234 0.349156364926 0.720399456299 0.303338445915 0.101341187646
0.88420762334 0.223548278715 0.983290145116 0.531723508846 0.851323645414 0.468418384627 0.970401819241 0.584225175062 0.0853179627177 0.450969254152
0.791074620392 0.442253792111 0.857053511485 0.801433126444 0.690147809864 0.789121429199 0.771318361919 0.502925873557 0.83960474754 0.881306513627
0.533831324232 0.484546262209 0.840730728144 0.541684695884 0.283743326055 0.964101423955 0.749298265593 0.971633911351 0.0908140622865 0.485134349149
0.979486602911 0.37707748105 0.556786364578 0.147342255417 0.954014541597 0.489317348707 0.528040685551 0.726342975281 0.670739622173 0.864133555563
0.519915588105 0.431385292496 0.594777287058 0.341944809024 0.237572550313 0.319412077731 0.563780766372 0.383450935523 0.109027190564 0.567698199831
0.435216328983 0.073524459685 0.0120826390278 0.566137769759 0.585808642079 0.610034586949 0.0183787569841 0.652604440139 0.447282667518 0.990815525704
0.855695011831 0.30152827485 0.373883790605 0.453980455522 0.507725935669 0.807034701102 0.0486023823846 0.0757147906848 0.308490871253 0.235724429476

0.882337190395 0.554217526322 0.275700212674 0.0482136102027 0.430478568389 0.685060975997 0.966572869007 0.337569134424 0.926783508085 0.654538845755
0.312619148854 0.694895080813 0.786635367005 0.272922710398 0.311519698439 0.607396649778 0.450236371313 0.83221819704 0.126387622569 0.750659678559
0.627847276909 0.588980267627 0.591813747027 0.866383487222 0.760916909546 0.298708248429 0.712234090036 0.569254472493 0.678617733064 0.296953187129
0.660660117604 0.639610334998 0.898442846298 0.53328759661 0.259125311389 0.257515351691 0.632195563029 0.905249681205 0.320156391854 0.265854932011
0.540727682156 0.420139500498 0.786376928741 0.220161782128 0.280458834868 0.320499826847 0.265512527699 0.208912454674 0.356730170148 0.0720250112195
0.193392346084 0.274848560208 0.168085270162 0.0772328704829 0.317850244244 0.215321525559 0.632944641524 0.664518346537 0.778451411398 0.821140432173
0.758610035029 0.543547076835 0.661193345796 0.6289836098 0.0857478657078 0.0746362045668 0.612678681269 0.837878670321 0.796456758253 0.662462804893
0.425881780095 0.180273724752 0.747275759663 0.892259924197 0.297546311319 0.567890892237 0.406066573001 0.911938761853 0.810871521622 0.0149813261764
0.675167956126 0.0510466195309 0.376927613489 0.728264848029 0.241407670682 0.422591338524 0.42741896681 0.942690320227 0.493641031508 0.466899041837
0.45588286526 0.0130540124418 0.804589412305 0.0847992230916 0.402605372605 0.316986139706 0.938657810943 0.0374121464567 0.880728262694 0.0699833372312

0.655514165535 0.254256400989 0.810437316946 0.616180564421 0.640223895923 0.206839546513 0.226834902652 0.265367026731 0.777743709308 0.0327343651687
0.185946307659 0.805059548047 0.142497770302 0.87585763603 0.0579763322381 0.37058019221 0.787218234268 0.422451899923 0.176454182886 0.0183651074903
0.986777083942 0.261626819958 0.0425484008069 0.704757182304 0.402782986006 0.0350273338173 0.246252698538 0.400978092836 0.300484433302 0.40964716737
0.948696064509 0.682576825576 0.731316710139 0.0222197752765 0.507716071598 0.685258640871 0.0274467076053 0.999386572193 0.889084536179 0.117362656681
0.0678050093379 0.851042260016 0.981437187259 0.27290975753 0.0730629239025 0.762499635322 0.189402733235 0.88037255023 0.538512166815 0.00440109840783
0.730715885994 0.000903964907724 0.778719113481 0.56116435806 0.024014293709 0.538209649443 0.667529259367 0.104985063453 0.843886354229 0.853051574735
0.396843732487 0.682013386273 0.723416859187 0.959773432762 0.490769549001 0.284377819912 0.713326357746 0.669696638433 0.43080147302 0.260113728488
0.92302860203 0.805114094756 0.183511517023 0.444699119878 0.830216012057 0.483372655184 0.0579773374056 0.308770293127 0.268566591854 0.748343318671
0.622228209783 0.285279642018 0.899903087159 0.788659079802 0.214604218916 0.0914485059643 0.103247053889 0.641366275642 0.695050338968 0.729879426583
0.538798128357 0.814503507182 0.753057004854 0.893930388674 0.375224608946 0.348316255458 0.905133759912 0.106236415257 0.874722305198 0.961680123506






